fbl_st=101323416%3BT%3A28762103; sb=Y1SZZseuEZygn4cDwRN17lv0; m_page_voice=61563439527307; fr=0EVDQtKSv2CP3kBYe.AWUVRQBadreNCWNPzjYFz7BwYFo.BmmVRj..AAA.0.0.Bm0Axx.AWWF7a4Ft-Y; x-referer=eyJyIjoiL2Vycm9yL2luZGV4LnBocD9lcnI9ZWMma2Vycj0xMzU3MDA0JmtlcnJfc3VtbWFyeT1Tb3JyeSUyQyUyMHNvbWV0aGluZyUyMHdlbnQlMjB3cm9uZyZrZXJyX2Rlc2NyaXB0aW9uPVBsZWFzZSUyMHRyeSUyMGNsb3NpbmclMjBhbmQlMjByZS1vcGVuaW5nJTIweW91ciUyMGJyb3dzZXIlMjB3aW5kb3cuIiwiaCI6Ii8iLCJzIjoibSJ9; c_user=61563439527307; vpd=v1%3B423x450x1.600000023841858; ps_n=1; wl_cbv=v2%3Bclient_version%3A2614%3Btimestamp%3A1725726233; m_pixel_ratio=1.600000023841858; ps_l=1; locale=en_GB; xs=19%3AC12vv8xD_38tPw%3A2%3A1724910706%3A-1%3A15416; datr=Y1SZZk_Pd_yQ4RFiLTbE44C8;
fbl_st=101032923%3BT%3A28762107; wd=450x707; fr=0EVDQtKSv2CP3kBYe.AWVUFOFhTMD_Lb7dUTwlahcWZ0I.BmmVRj..AAA.0.0.Bm3H7H.AWWHAQWL1_4; x-referer=eyJyIjoiL2Vycm9yL2luZGV4LnBocD9lcnI9ZWMma2Vycj0xMzU3MDA0JmtlcnJfc3VtbWFyeT1Tb3JyeSUyQyUyMHNvbWV0aGluZyUyMHdlbnQlMjB3cm9uZyZrZXJyX2Rlc2NyaXB0aW9uPVBsZWFzZSUyMHRyeSUyMGNsb3NpbmclMjBhbmQlMjByZS1vcGVuaW5nJTIweW91ciUyMGJyb3dzZXIlMjB3aW5kb3cuIiwiaCI6Ii8iLCJzIjoibSJ9; c_user=61563093368770; vpd=v1%3B707x450x1.600000023841858; ps_n=1; wl_cbv=v2%3Bclient_version%3A2614%3Btimestamp%3A1725726427; m_pixel_ratio=1.600000023841858; ps_l=1; sb=Y1SZZseuEZygn4cDwRN17lv0; xs=45%3Atnrx735TYRS7XA%3A2%3A1725726405%3A-1%3A15416; locale=en_GB; datr=Y1SZZk_Pd_yQ4RFiLTbE44C8;
fbl_st=101329406%3BT%3A28762113; wd=450x707; fr=0EVDQtKSv2CP3kBYe.AWWXgxCjf07UPPWf0ByZMTaSxBU.BmmVRj..AAA.0.0.Bm3IAZ.AWXRwhenatw; x-referer=eyJyIjoiL2Vycm9yL2luZGV4LnBocD9lcnI9ZWMma2Vycj0xMzU3MDA0JmtlcnJfc3VtbWFyeT1Tb3JyeSUyQyUyMHNvbWV0aGluZyUyMHdlbnQlMjB3cm9uZyZrZXJyX2Rlc2NyaXB0aW9uPVBsZWFzZSUyMHRyeSUyMGNsb3NpbmclMjBhbmQlMjByZS1vcGVuaW5nJTIweW91ciUyMGJyb3dzZXIlMjB3aW5kb3cuIiwiaCI6Ii8%2Fc3R5cGU9bG8mZGVvaWE9MSZqbG91PUFmY2FBYnNkTHVmR0d4RDlTeDNhVlA3ckl3TWE3VnZYY2dGNTRFejNXU1ZvaEtDT0VXWVd0ZVZjWWRvVFhIZUtsbWNjYWlqNUlGeDZJd2otX2JybFZNRUNobzUtZXJUcmdsQzVGOGVRXy1oRVRnJnNtdWg9Mjg0NTgmbGg9QWM5Y29SMDNTREtTNkhoRndmSSIsInMiOiJtIn0%3D; c_user=61563381479505; vpd=v1%3B707x450x1.600000023841858; ps_n=1; wl_cbv=v2%3Bclient_version%3A2614%3Btimestamp%3A1725726784; m_pixel_ratio=1.600000023841858; ps_l=1; sb=Y1SZZseuEZygn4cDwRN17lv0; xs=12%3APzSi2GPp_7XlHQ%3A2%3A1725726745%3A-1%3A15416; locale=en_GB; datr=Y1SZZk_Pd_yQ4RFiLTbE44C8;
fbl_st=101035216%3BT%3A28762115; xs=32%3AEwSOh7QzNuzraA%3A2%3A1725726885%3A-1%3A15416; wd=450x707; fr=0EVDQtKSv2CP3kBYe.AWW5GQzIOxDM3iCvStjqfA-0hjg.BmmVRj..AAA.0.0.Bm3ICl.AWVy6WzDUh4; x-referer=eyJyIjoiL2Vycm9yL2luZGV4LnBocD9lcnI9ZWMma2Vycj0xMzU3MDA0JmtlcnJfc3VtbWFyeT1Tb3JyeSUyQyUyMHNvbWV0aGluZyUyMHdlbnQlMjB3cm9uZyZrZXJyX2Rlc2NyaXB0aW9uPVBsZWFzZSUyMHRyeSUyMGNsb3NpbmclMjBhbmQlMjByZS1vcGVuaW5nJTIweW91ciUyMGJyb3dzZXIlMjB3aW5kb3cuIiwiaCI6Ii8%2Fc3R5cGU9bG8mZGVvaWE9MSZqbG91PUFmY2FBYnNkTHVmR0d4RDlTeDNhVlA3ckl3TWE3VnZYY2dGNTRFejNXU1ZvaEtDT0VXWVd0ZVZjWWRvVFhIZUtsbWNjYWlqNUlGeDZJd2otX2JybFZNRUNobzUtZXJUcmdsQzVGOGVRXy1oRVRnJnNtdWg9Mjg0NTgmbGg9QWM5Y29SMDNTREtTNkhoRndmSSIsInMiOiJtIn0%3D; c_user=61563219620204; vpd=v1%3B707x450x1.600000023841858; ps_n=1; wl_cbv=v2%3Bclient_version%3A2614%3Btimestamp%3A1725726913; m_pixel_ratio=1.600000023841858; ps_l=1; sb=Y1SZZseuEZygn4cDwRN17lv0; locale=en_GB; datr=Y1SZZk_Pd_yQ4RFiLTbE44C8;
